number of jobs, number of machines, initial seed, upper bound and lower bound :
100 20 897255651 89816 80219
processing times :
26 50 25 25 56 65 79 35 32 18 56 84 46 62 23 34 52 66 90 66 49 82 67 46 63 42 30 67 56 51 3 53 44 73 65 59 18 15 53 47 73 81 19 75 39 53 43 15 59 57 62 56 60 30 26 16 29 42 43 38 38 47 54 54 41 36 22 79 46 34 37 26 50 62 60 16 86 42 71 47 70 79 6 63 11 15 73 80 31 50 84 59 75 5 28 63 57 24 47 76
79 46 69 62 76 32 42 52 36 53 61 47 71 85 45 27 31 39 35 48 35 56 43 48 9 37 60 55 76 56 81 98 67 59 20 23 77 41 89 71 47 57 34 73 65 48 57 33 53 50 47 46 74 69 53 29 88 20 18 84 71 77 27 32 64 25 29 64 32 53 77 41 68 49 56 76 33 71 31 40 25 51 4 79 42 37 50 66 36 63 80 43 90 72 76 61 50 59 71 56
15 41 21 70 64 50 91 43 48 47 4 74 61 14 24 32 36 51 44 47 62 47 20 62 26 56 19 64 45 32 51 50 45 19 19 65 73 28 44 40 45 49 84 31 45 42 32 63 75 42 68 78 47 86 77 80 53 54 63 85 47 51 74 64 28 48 43 28 52 65 46 41 57 74 57 42 62 28 84 43 53 48 79 81 89 48 39 67 78 43 84 25 48 19 53 59 62 52 51 43
43 75 53 47 30 17 38 42 47 54 82 92 47 17 86 55 57 51 73 18 55 56 75 47 70 54 51 23 40 56 57 47 66 71 71 58 44 21 72 62 66 57 66 71 50 34 79 65 44 54 73 60 51 69 41 76 88 55 75 36 51 26 49 59 79 46 50 58 54 59 44 39 51 50 65 36 88 91 36 12 39 59 73 74 19 47 54 37 52 53 77 63 22 63 44 64 44 16 53 44
70 12 75 52 37 19 81 51 85 24 39 61 27 53 22 51 32 53 46 16 55 31 71 34 34 30 57 57 77 92 56 56 76 26 66 32 62 29 73 33 22 58 57 46 56 80 58 78 23 26 54 78 49 47 52 62 52 34 33 39 61 39 41 50 64 54 61 29 60 11 55 28 4 10 51 56 79 15 33 56 40 14 9 55 65 29 35 48 22 35 55 71 56 67 46 51 67 86 83 8
38 63 26 31 57 23 74 50 27 16 32 48 41 62 65 32 48 27 59 83 39 85 36 63 37 77 88 63 76 47 32 75 55 28 35 40 52 34 35 53 48 36 67 66 9 76 71 50 46 63 47 40 35 62 42 67 39 63 62 87 35 11 47 70 38 93 87 33 54 75 63 71 56 3 47 60 83 64 72 85 43 87 53 33 72 83 64 13 38 70 59 28 24 54 78 28 64 43 40 53
77 47 50 22 73 85 90 42 70 53 68 65 84 82 34 19 57 33 57 48 46 38 24 62 83 26 69 29 21 45 40 60 70 55 25 40 26 27 58 29 51 28 42 42 33 65 63 37 7 51 53 40 94 60 66 65 12 76 82 33 59 63 44 45 46 35 31 33 27 65 66 65 71 37 70 49 74 84 29 94 24 32 71 65 92 41 44 43 53 41 21 20 54 25 68 70 19 53 48 60
32 55 54 71 77 92 44 28 70 82 53 75 40 79 62 68 48 37 37 44 59 39 82 74 62 84 44 31 68 10 22 54 63 56 27 36 42 83 57 28 62 37 9 27 56 64 67 28 83 66 49 27 48 8 64 89 53 20 27 59 85 67 36 65 62 48 77 80 56 16 41 44 53 35 39 23 16 70 76 29 46 79 46 27 32 61 50 53 95 50 40 78 19 65 27 47 40 46 15 57
68 46 40 7 86 41 52 15 66 38 49 59 77 65 26 61 44 63 16 77 45 73 27 41 72 39 30 90 46 11 85 74 29 51 51 76 47 58 44 40 56 59 68 68 91 81 72 55 47 39 77 42 77 47 82 23 38 29 52 18 60 61 51 9 48 34 72 64 13 42 68 75 24 48 35 35 20 61 92 78 57 73 43 30 48 63 69 54 5 46 61 53 24 15 54 34 74 39 50 33
80 64 60 53 47 47 73 72 53 43 41 65 36 65 35 84 45 35 89 45 39 69 38 33 75 79 15 73 54 32 53 26 78 68 39 37 59 44 76 36 55 56 60 85 44 62 29 46 44 78 64 22 65 49 59 52 46 36 33 75 38 13 27 36 48 54 45 39 62 55 60 25 31 9 34 40 32 21 52 3 46 61 84 24 48 40 87 74 10 37 50 47 16 22 90 67 70 19 73 39
39 34 79 55 57 59 93 31 27 63 41 84 23 51 91 41 57 50 44 79 67 45 55 76 42 55 43 82 77 32 18 56 22 21 46 74 34 15 44 38 22 27 37 38 64 48 60 40 75 41 46 66 47 50 48 92 29 86 80 12 32 63 80 60 65 53 79 67 62 68 39 54 91 52 76 33 81 71 88 49 22 12 66 49 49 37 70 67 35 33 40 69 45 36 29 18 55 36 34 31
32 17 55 29 63 51 59 18 74 39 75 72 66 25 39 40 31 56 65 61 10 36 13 40 50 39 82 61 59 67 60 62 81 47 78 67 68 61 62 50 46 51 43 87 63 72 51 40 27 33 54 50 5 46 23 57 63 22 51 61 53 38 23 59 64 53 51 55 51 72 41 29 28 43 32 57 37 48 55 54 44 54 53 88 67 20 54 82 59 68 51 22 89 80 88 27 47 42 23 62
50 82 40 24 56 57 82 49 39 42 48 54 57 52 59 45 59 26 31 53 65 90 33 24 65 49 31 79 74 43 36 60 6 52 88 69 53 19 40 32 60 67 63 48 8 78 48 39 26 50 23 63 82 48 13 42 79 66 76 45 90 33 33 57 80 52 47 13 55 45 74 91 61 54 54 29 87 68 36 25 41 24 32 57 76 58 60 48 84 48 18 61 29 65 93 36 32 57 50 44
55 17 60 76 60 66 43 55 45 50 37 47 84 73 86 51 41 56 79 37 35 59 84 78 35 35 36 29 33 33 74 41 53 23 57 23 64 47 17 72 81 91 24 64 64 73 40 65 45 72 44 21 40 33 60 52 58 63 21 21 80 44 38 59 66 42 54 51 53 32 54 46 73 55 14 35 32 87 11 53 33 48 78 43 67 34 52 15 37 51 21 29 57 40 55 54 49 51 40 33
19 41 57 36 60 49 34 64 42 38 45 39 78 47 14 58 71 40 52 55 55 39 48 38 84 6 35 43 49 45 62 57 19 25 38 16 26 39 23 91 53 31 45 55 66 66 22 32 35 68 50 39 22 52 46 42 56 39 62 87 53 53 86 90 56 67 26 54 70 26 60 53 79 70 54 55 25 67 28 50 29 75 53 48 49 58 42 23 53 63 91 70 75 21 66 8 69 46 51 94
57 41 59 26 37 61 46 42 32 57 81 71 42 62 74 25 33 18 36 42 34 97 43 54 64 87 16 38 29 11 58 75 55 40 39 64 47 68 17 28 22 70 35 68 19 40 84 87 24 24 61 77 35 50 34 45 46 9 67 32 21 53 70 46 53 55 46 44 65 49 55 62 13 48 45 19 83 41 46 41 43 65 54 61 9 65 69 61 38 60 44 53 32 43 53 48 86 53 46 33
37 40 46 52 25 53 68 64 61 52 15 53 53 47 59 11 53 43 22 64 4 10 13 13 68 44 30 64 41 45 55 18 35 44 35 32 22 60 34 61 45 9 69 34 49 64 66 62 47 60 31 50 84 61 42 47 74 67 9 76 60 43 87 72 46 34 74 35 53 56 31 64 40 61 79 48 58 30 83 62 64 52 66 61 30 64 56 43 58 63 46 48 49 47 30 25 66 51 45 50
9 87 71 44 55 56 50 65 29 47 76 30 67 53 29 68 95 69 50 46 49 23 73 33 21 33 54 55 19 52 39 51 50 77 61 45 78 49 75 53 16 51 65 62 81 90 34 64 20 6 49 29 26 32 58 68 5 31 63 23 45 9 43 63 74 55 77 50 81 51 87 87 35 34 52 47 51 78 44 23 41 31 65 85 36 62 42 49 32 58 38 68 67 23 41 51 22 78 35 63
51 52 9 44 57 21 63 39 16 48 51 61 51 45 61 59 45 47 60 65 24 34 61 40 67 52 37 63 30 47 55 74 68 15 11 52 70 47 79 28 63 38 39 45 49 22 92 60 48 42 69 48 80 88 58 71 68 8 61 41 52 84 46 40 39 57 70 26 36 51 34 58 41 50 52 79 65 43 60 43 4 69 35 32 21 68 57 61 17 97 47 26 32 83 19 39 54 32 41 26
37 52 17 39 43 82 72 62 34 63 24 44 72 36 63 43 56 47 73 48 81 32 31 40 56 94 50 24 83 22 55 81 63 15 67 37 75 62 51 74 41 74 38 81 33 28 45 48 51 80 35 72 39 49 21 60 7 36 37 77 55 49 51 34 63 56 23 65 33 7 40 95 44 37 40 60 48 74 68 30 72 61 22 38 66 24 25 57 73 66 56 18 81 68 56 73 38 38 40 87
