number of jobs, number of machines, initial seed, upper bound and lower bound :
20 10 379008056 1567 1395
processing times :
26 55 30 26 41 58 83 37 61 66 53 39 65 49 41 32 14 35 78 25
44 69 47 19 89 28 30 44 36 37 44 81 23 79 97 91 73 39 60 42
15 35 24 55 51 49 72 62 62 46 72 49 92 75 62 85 33 35 25 43
61 42 7 10 37 26 49 18 19 34 49 17 54 78 64 40 34 46 26 22
72 40 15 50 29 57 83 62 47 58 76 52 74 52 29 44 35 70 38 64
66 31 41 62 23 42 33 46 79 43 35 53 36 48 61 49 94 28 74 24
56 18 51 58 43 29 43 51 81 47 62 22 14 48 45 56 62 55 45 89
47 59 51 69 87 8 15 33 20 48 21 16 85 85 59 37 37 10 74 45
56 62 74 91 49 6 89 51 77 44 59 32 83 35 33 50 58 43 30 45
42 53 44 56 69 8 66 87 26 43 62 54 61 81 41 89 66 36 83 30
