number of jobs, number of machines, initial seed, upper bound and lower bound :
100 10 1472679978 64802 57963
processing times :
73 24 39 57 73 50 8 59 44 56 69 93 53 76 63 47 29 70 42 37 80 26 19 44 30 15 57 34 75 55 83 86 51 63 52 43 87 77 65 57 38 7 65 20 60 27 28 30 41 42 56 18 71 43 71 26 6 43 41 14 25 44 36 69 43 47 31 5 64 31 47 49 53 33 58 56 34 11 14 43 23 65 81 15 83 73 16 14 58 42 68 7 94 31 65 36 55 16 48 21
51 65 77 20 87 42 29 29 64 63 68 55 56 63 49 73 50 66 53 35 38 66 41 46 68 61 39 73 64 31 67 31 71 41 23 65 33 50 47 83 57 66 32 19 35 83 18 66 93 66 55 29 48 57 30 33 54 20 59 50 93 20 16 27 71 89 68 49 70 29 65 69 53 24 95 33 47 39 56 69 47 46 60 44 27 65 96 64 72 27 53 81 42 68 27 59 54 68 41 65
15 55 24 57 48 87 42 69 97 43 58 71 27 30 45 73 58 37 55 28 90 39 26 49 28 48 66 20 79 27 65 33 74 22 63 37 38 26 51 60 58 27 39 15 56 59 76 71 23 24 64 69 61 58 56 30 45 32 62 40 88 40 66 64 47 37 52 63 68 97 47 76 57 73 74 54 67 63 41 53 83 38 36 77 49 39 38 21 61 73 70 61 51 46 67 77 27 22 76 3
42 49 55 3 37 67 43 31 66 28 19 41 59 44 37 56 53 58 32 60 88 71 38 57 19 49 18 48 12 60 77 74 45 65 81 55 48 11 67 19 40 35 36 26 44 84 34 44 67 24 66 69 83 6 72 63 73 21 26 62 43 45 90 63 76 47 18 41 70 51 46 73 50 27 61 84 70 64 91 38 47 7 40 67 49 42 45 34 50 52 84 57 24 33 67 14 70 80 21 53
24 55 62 47 66 50 81 36 82 51 54 44 37 57 73 39 51 56 44 19 41 30 34 36 35 63 64 55 44 58 81 74 42 44 35 3 36 54 47 33 42 69 36 70 17 61 19 46 41 74 60 65 77 49 36 57 24 41 96 36 33 84 70 76 63 90 16 35 69 68 77 79 76 57 64 52 30 18 35 91 22 35 47 58 59 53 49 50 26 35 36 58 47 51 45 61 37 55 36 55
81 33 35 58 54 33 32 50 63 26 53 45 26 64 58 27 60 61 74 71 78 67 39 25 60 55 80 59 38 52 71 46 33 35 66 74 59 62 86 35 39 26 82 53 49 70 47 41 41 31 73 16 93 44 26 77 35 50 41 10 34 37 23 84 74 47 50 30 53 35 56 17 77 51 12 74 60 10 63 30 55 16 51 39 44 49 75 32 67 50 58 72 69 75 65 9 37 74 27 59
40 51 35 55 57 65 18 67 41 32 29 67 20 48 46 37 57 73 77 88 70 42 41 79 10 82 13 59 23 57 65 67 35 40 61 57 39 52 37 44 80 5 42 44 50 50 74 27 51 31 79 65 62 30 53 65 73 83 86 52 82 42 55 69 31 53 76 68 73 30 71 25 36 27 49 46 65 12 56 66 36 51 58 92 64 34 74 32 61 59 19 54 35 50 88 68 57 38 60 20
64 70 34 69 59 28 68 6 77 91 29 31 82 15 44 59 52 62 94 56 58 54 43 43 68 19 24 19 41 80 43 81 45 92 5 55 49 45 53 26 67 21 66 48 55 44 55 80 70 59 48 51 28 24 56 45 27 44 40 69 38 65 35 47 58 76 78 44 58 42 54 72 40 80 51 57 51 71 65 23 89 66 46 38 18 48 51 39 40 56 64 31 39 63 30 38 33 59 65 43
34 31 40 12 49 9 75 76 25 70 57 38 12 59 45 37 44 23 52 51 91 75 61 68 60 27 49 23 51 50 39 61 36 35 56 30 32 27 43 58 66 39 27 37 43 29 83 56 31 56 22 37 38 45 90 48 44 28 87 45 30 72 17 19 30 68 89 62 77 11 41 72 62 59 34 24 66 74 55 70 69 72 47 36 44 51 84 67 65 35 25 31 27 87 35 56 27 30 24 59
40 91 55 75 49 59 50 85 50 53 50 22 35 50 50 80 38 38 16 45 69 85 11 47 69 18 65 38 40 25 28 38 29 47 47 59 50 59 8 22 52 55 34 50 31 50 19 85 37 70 53 85 78 87 63 52 48 86 47 80 38 44 56 85 81 91 68 68 32 52 69 46 61 47 66 46 32 36 73 57 91 14 14 24 36 68 48 34 28 49 64 55 42 28 63 10 15 64 32 73
