number of jobs, number of machines, initial seed, upper bound and lower bound :
20 20 1866992158 2297 2110
processing times :
77 60 26 6 74 61 53 59 30 38 63 57 9 61 82 82 16 35 22 29
51 65 20 27 19 32 70 64 39 28 36 71 40 52 70 32 51 37 70 57
46 26 51 62 85 40 46 26 54 17 89 62 71 42 31 55 65 45 39 19
30 14 48 45 30 88 40 81 58 16 79 54 53 21 2 63 35 55 70 63
55 86 68 88 13 81 19 17 14 52 11 85 64 44 54 53 39 77 45 50
41 34 50 35 64 70 33 65 63 33 54 44 80 53 35 71 59 89 58 68
57 90 23 51 61 75 93 21 77 74 36 66 3 42 32 25 47 36 73 71
57 41 12 26 28 24 26 70 31 47 26 68 88 32 55 35 55 50 28 6
49 68 49 28 33 53 27 44 22 80 56 46 23 26 78 65 50 69 77 47
82 44 23 12 65 42 74 41 41 73 47 72 51 24 13 23 46 46 54 46
44 74 33 68 44 88 39 31 53 49 75 79 65 85 88 62 64 55 42 68
65 81 63 60 63 51 58 87 59 46 22 26 99 69 63 49 32 80 50 59
68 15 17 40 59 41 37 61 34 63 44 71 36 45 66 62 32 26 68 43
26 90 17 48 75 49 81 81 71 22 41 55 51 29 42 48 62 47 7 87
41 53 19 51 37 68 47 76 84 59 76 24 21 21 63 52 35 86 63 68
31 34 51 73 46 21 56 64 50 70 79 30 63 70 58 47 67 12 45 47
75 41 56 60 29 78 43 45 42 23 12 52 40 81 48 55 15 69 77 54
29 38 52 85 65 42 30 64 18 71 65 64 64 54 59 83 21 67 36 55
41 8 71 58 43 81 54 28 47 45 32 61 70 41 60 60 42 41 51 39
31 44 62 73 46 18 14 51 65 89 23 66 39 69 71 70 32 28 59 26
